cam0:
  T_cam_imu:
  - [0.0, 1.0, 0.0, 0.0475]
  - [0.0, 0.0, 1.0, 0.0]
  - [1.0, 0.0, 0.0, -0.26]
  - [0.0, 0.0, 0.0, 1.0]
  camera_model: eucm
  distortion_coeffs: []
  distortion_model: none
  intrinsics: [0, 1, 268.511882, 268.511882, 320, 240]
  resolution: [640, 480]
cam1:
  T_cam_imu:
  - [0.0, 1.0, 0.0, -0.0475]
  - [0.0, 0.0, 1.0, 0.0]
  - [1.0, 0.0, 0.0, -0.26]
  - [0.0, 0.0, 0.0, 1.0]
  T_cn_cnm1:
  - [1.0, 0.0, 0.0, -0.095]
  - [0.0, 1.0, 0.0, 0.0]
  - [0.0, 0.0, 1.0, 0.0]
  - [0.0, 0.0, 0.0, 1.0]
  camera_model: eucm
  distortion_coeffs: []
  distortion_model: none
  intrinsics: [0, 1, 268.511882, 268.511882, 320, 240]
  resolution: [640, 480]
